2017-09-21 2017111 	  05101719293212 	 317,976,914 	 16  99 
2017-09-19 2017110 	  01031215192314 	 316,936,062 	 3  68 
2017-09-17 2017109 	  08141618212316 	 349,302,018 	 4  96 
2017-09-14 2017108 	  07121415172001 	 320,774,192 	 6  113 
2017-09-12 2017107 	  08091517303206 	 319,335,446 	 19  202 
2017-09-10 2017106 	  12152025273102 	 346,574,690 	 4  82 
2017-09-07 2017105 	  03060712252607 	 314,223,620 	 29  254 
2017-09-05 2017104 	  01141520233014 	 310,263,038 	 2  93 
2017-09-03 2017103 	  01212325313301 	 347,478,996 	 9  64 
2017-08-31 2017102 	  04081014182011 	 315,963,272 	 14  150 
2017-08-29 2017101 	  01041128313216 	 313,219,868 	 2  51 
2017-08-27 2017100 	  04070818232402 	 343,590,604 	 16  117 
2017-08-24 2017099 	  02050616282904 	 310,565,530 	 27  142 
2017-08-22 2017098 	  04192227303301 	 314,009,676 	 14  93 
2017-08-20 2017097 	  05101819303103 	 348,913,966 	 10  183 
2017-08-17 2017096 	  02061112192906 	 322,973,284 	 14  165 
2017-08-15 2017095 	  09101219222916 	 317,203,922 	 14  332 
2017-08-13 2017094 	  08111319283106 	 341,689,810 	 9  128 
2017-08-10 2017093 	  07080915222712 	 308,248,758 	 39  238 
2017-08-08 2017092 	  10181929323309 	 308,876,342 	 4  131 
2017-08-06 2017091 	  05071023282903 	 337,138,076 	 4  141 
2017-08-03 2017090 	  01071016223309 	 312,174,318 	 4  84 
2017-08-01 2017089 	  11121316232512 	 314,842,050 	 2  69 
2017-07-30 2017088 	  07091822232906 	 346,380,162 	 10  406 
2017-07-27 2017087 	  03061314192806 	 316,090,948 	 13  105 
2017-07-25 2017086 	  03050613202207 	 313,250,840 	 5  73 
2017-07-23 2017085 	  01050616253009 	 340,676,888 	 7  148 
2017-07-20 2017084 	  01051120222402 	 314,750,766 	 9  98 
2017-07-18 2017083 	  03081420242612 	 305,712,986 	 13  161 
2017-07-16 2017082 	  14182125282910 	 340,327,376 	 9  120 
2017-07-13 2017081 	  03051425263005 	 311,169,340 	 4  134 
2017-07-11 2017080 	  01121620222408 	 309,113,400 	 10  103 
2017-07-09 2017079 	  03071423252708 	 338,568,770 	 5  107 
2017-07-06 2017078 	  05071819222416 	 308,678,006 	 7  160 
2017-07-04 2017077 	  01020415172214 	 310,153,396 	 4  93 
2017-07-02 2017076 	  01040809141513 	 346,391,726 	 7  115 
2017-06-29 2017075 	  01030619212907 	 320,592,160 	 7  90 
2017-06-27 2017074 	  02061623303102 	 312,167,868 	 16  548 
2017-06-25 2017073 	  03061623263014 	 347,269,730 	 9  173 
2017-06-22 2017072 	  06111423263002 	 321,195,342 	 11  94 
2017-06-20 2017071 	  02030614313203 	 322,489,468 	 4  51 
2017-06-18 2017070 	  01061422252612 	 357,559,628 	 4  92 
2017-06-15 2017069 	  02111223293105 	 326,172,358 	 3  98 
2017-06-13 2017068 	  02061022303115 	 320,912,348 	 7  102 
2017-06-11 2017067 	  01030410182904 	 356,270,498 	 10  131 
2017-06-08 2017066 	  01040617192603 	 329,821,920 	 8  103 
2017-06-06 2017065 	  02050810122107 	 320,800,086 	 14  181 
2017-06-04 2017064 	  02101622242815 	 351,655,222 	 5  158 
2017-06-01 2017063 	  12162022253104 	 307,572,084 	 4  246 
2017-05-30 2017062 	  01072224263110 	 292,747,704 	 2  50 
2017-05-28 2017061 	  06071220262711 	 327,891,234 	 22  236 
2017-05-25 2017060 	  05101324263104 	 320,553,910 	 4  113 
2017-05-23 2017059 	  04080915192509 	 306,145,516 	 26  222 
2017-05-21 2017058 	  01091322283211 	 338,794,650 	 8  111 
2017-05-18 2017057 	  18202223303116 	 314,697,362 	 9  71 
2017-05-16 2017056 	  13141819212806 	 317,424,132 	 8  184 
2017-05-14 2017055 	  07121320243105 	 342,200,872 	 20  109 
2017-05-11 2017054 	  02030923283308 	 315,730,948 	 2  73 
2017-05-09 2017053 	  04091115293106 	 316,559,816 	 6  77 
2017-05-07 2017052 	  07081824293107 	 346,847,224 	 5  182 
2017-05-04 2017051 	  02050915242511 	 315,667,040 	 10  194 
2017-05-02 2017050 	  10122024272907 	 308,163,776 	 5  64 
2017-04-30 2017049 	  01081415202910 	 326,777,700 	 7  113 
2017-04-27 2017048 	  05080914151907 	 317,465,116 	 11  107 
2017-04-25 2017047 	  02050810323302 	 313,845,556 	 6  181 
2017-04-23 2017046 	  04131423263210 	 348,845,228 	 6  95 
2017-04-20 2017045 	  05071620212505 	 320,562,564 	 4  99 
2017-04-18 2017044 	  08161921313206 	 318,935,018 	 15  81 
2017-04-16 2017043 	  08131623273108 	 348,879,160 	 4  170 
2017-04-13 2017042 	  01020407102304 	 326,995,938 	 8  69 
2017-04-11 2017041 	  04101315222704 	 322,450,520 	 21  114 
2017-04-09 2017040 	  15192328293304 	 359,413,424 	 13  82 
2017-04-06 2017039 	  02041214172415 	 330,405,710 	 1  109 
2017-04-04 2017038 	  01040813242705 	 310,673,636 	 5  191 
2017-04-02 2017037 	  11152022253005 	 346,434,206 	 7  102 
2017-03-30 2017036 	  01020510242715 	 340,257,990 	 4  134 
2017-03-28 2017035 	  01061424283212 	 342,022,594 	 16  164 
2017-03-26 2017034 	  04070819323313 	 373,962,682 	 8  146 
2017-03-23 2017033 	  05071520233015 	 346,477,046 	 12  205 
2017-03-21 2017032 	  05081524273111 	 346,410,188 	 63  284 
